  7.6006E-01 -4.2118E-01 -4.9516E-01 -5.6814E-01 -8.0063E-01 -1.9104E-01 -3.1586E-01  4.2634E-01 -8.4764E-01
  8.3523E-01 -5.1238E-01 -2.0066E-01 -5.2699E-01 -6.3986E-01 -5.5966E-01  1.5825E-01  5.7290E-01 -8.0423E-01
 -6.9980E-01 -6.9933E-01 -1.4677E-01 -6.9217E-01  7.1444E-01 -1.0391E-01  1.7747E-01  2.8824E-02 -9.8371E-01
 -6.0144E-01 -7.4447E-01 -2.9058E-01 -6.8705E-01  6.6743E-01 -2.8794E-01  4.0817E-01  2.6368E-02 -9.1254E-01
 -5.9673E-01 -7.6100E-01 -2.5511E-01 -6.0696E-01  6.3584E-01 -4.7708E-01  5.2513E-01 -1.2992E-01 -8.4108E-01
 -6.9957E-01 -7.0015E-01 -1.4436E-01 -6.0435E-01  6.8708E-01 -4.0391E-01  3.8180E-01 -1.9540E-01 -9.0339E-01
 -7.1615E-01 -6.9748E-01 -3.2982E-02 -5.8529E-01  6.2533E-01 -5.1661E-01  3.8072E-01 -3.5071E-01 -8.5566E-01
 -7.2532E-01 -6.8873E-01 -4.1876E-03 -5.8286E-01  6.1698E-01 -5.2929E-01  3.6686E-01 -3.8149E-01 -8.4852E-01
 -9.1059E-01 -3.2315E-01 -2.5890E-01 -1.8127E-01  8.7344E-01 -4.5240E-01  3.7204E-01 -3.6464E-01 -8.5375E-01
 -9.2758E-01 -8.9954E-02 -3.6265E-01 -1.2088E-01  9.9065E-01  6.3457E-02  3.5354E-01  1.0270E-01 -9.2978E-01
  9.4256E-01  1.6101E-01 -2.9379E-01 -6.5978E-02 -7.7088E-01 -6.3381E-01 -3.2837E-01  6.1637E-01 -7.1600E-01
  9.7687E-01 -1.6857E-01 -1.3338E-01 -2.0918E-01 -6.0298E-01 -7.6999E-01  4.9318E-02  7.7976E-01 -6.2433E-01
  6.5850E-01 -7.4937E-01 -7.2622E-02 -4.8472E-01 -3.4803E-01 -8.0288E-01  5.7596E-01  5.6394E-01 -5.9206E-01
 -3.8262E-01 -8.4426E-01 -3.7851E-01 -6.0707E-01  5.3818E-01 -5.8662E-01  6.9781E-01  5.1604E-03 -7.1639E-01
 -3.9038E-01 -8.3522E-01 -3.8860E-01 -5.0044E-01  5.4660E-01 -6.7211E-01  7.7317E-01 -6.7985E-02 -6.3060E-01
 -5.8042E-01 -7.8603E-01 -2.1388E-01 -5.3494E-01  5.6579E-01 -6.2786E-01  6.1424E-01 -2.5010E-01 -7.4851E-01
 -6.8425E-01 -7.2818E-01 -4.4142E-02 -5.7286E-01  5.7376E-01 -5.8576E-01  4.5161E-01 -3.7556E-01 -8.0939E-01
 -8.1478E-01 -5.7959E-01  2.1292E-02 -4.4001E-01  5.9371E-01 -6.7395E-01  3.7781E-01 -5.5849E-01 -7.3856E-01
 -8.4495E-01 -5.3394E-01  3.3624E-02 -3.9095E-01  5.7324E-01 -7.2028E-01  3.6518E-01 -6.2174E-01 -6.9296E-01
 -9.1862E-01 -2.8942E-01 -2.7021E-01 -8.8338E-02  8.1528E-01 -5.7262E-01  3.8578E-01 -5.0174E-01 -7.7444E-01
  9.4565E-01  6.1680E-02 -3.2036E-01 -2.0610E-01 -6.4863E-01 -7.3293E-01 -2.5288E-01  7.5864E-01 -6.0074E-01
  9.7647E-01 -2.0740E-01  5.9875E-02 -3.4888E-02 -4.2556E-01 -9.0429E-01  2.1300E-01  8.8089E-01 -4.2281E-01
  6.4931E-01 -7.4965E-01  1.2938E-01 -2.5686E-01 -3.7606E-01 -8.9055E-01  7.1593E-01  5.4508E-01 -4.3655E-01
 -9.8087E-02 -8.4015E-01 -5.3753E-01 -5.3250E-01  5.0087E-01 -6.8531E-01  8.4241E-01  2.1799E-01 -4.9332E-01
 -3.5299E-01 -8.4993E-01 -3.9248E-01 -3.9782E-01  5.1584E-01 -7.5936E-01  8.4712E-01 -1.1200E-01 -5.1955E-01
 -3.7740E-01 -8.6198E-01 -3.4028E-01 -3.6049E-01  4.7500E-01 -8.0355E-01  8.5323E-01 -1.8071E-01 -4.8935E-01
 -6.0247E-01 -7.9509E-01 -7.4512E-02 -4.2112E-01  3.9557E-01 -8.1678E-01  6.7821E-01 -4.6076E-01 -5.7272E-01
 -7.9436E-01 -6.0132E-01  8.7749E-02 -4.0166E-01  4.1102E-01 -8.1868E-01  4.5593E-01 -6.8557E-01 -5.6778E-01
 -8.4383E-01 -5.1233E-01  1.6019E-01 -4.3059E-01  4.6770E-01 -7.7208E-01  3.2051E-01 -7.2045E-01 -6.1509E-01
 -9.5291E-01 -3.0293E-01  1.5085E-02 -1.6541E-01  4.7744E-01 -8.6298E-01  2.5419E-01 -8.2483E-01 -5.0507E-01
  9.8832E-01 -1.0037E-01  1.1469E-01  7.9987E-02 -2.9889E-01 -9.5093E-01  1.2973E-01  9.4900E-01 -2.8737E-01
  9.2991E-01 -3.6176E-01  6.6464E-02 -1.0496E-03 -1.8324E-01 -9.8310E-01  3.6780E-01  9.1413E-01 -1.7077E-01
  5.8458E-01 -8.0375E-01 -1.1289E-01 -2.4770E-01 -4.4152E-02 -9.6829E-01  7.7264E-01  5.9407E-01 -2.2474E-01
  4.9875E-01 -8.5706E-01 -1.3294E-01 -1.4645E-01  6.7920E-02 -9.8756E-01  8.5429E-01  5.1203E-01 -9.1521E-02
  8.5811E-02 -9.8532E-01 -1.5680E-01 -1.9663E-01  1.3758E-01 -9.7222E-01  9.7676E-01  1.1410E-01 -1.8147E-01
 -3.6043E-01 -9.0603E-01 -2.2541E-01 -2.2068E-01  3.1748E-01 -9.2316E-01  9.0635E-01 -2.8287E-01 -3.1402E-01
 -4.0361E-01 -8.6028E-01 -3.1456E-01 -1.6646E-01  4.0697E-01 -8.9936E-01  8.9969E-01 -3.1061E-01 -3.0715E-01
 -8.0213E-01 -5.9373E-01 -6.5077E-02 -2.2520E-01  4.0146E-01 -8.8792E-01  5.5314E-01 -6.9759E-01 -4.5562E-01
 -8.9271E-01 -4.2139E-01  1.6000E-01 -3.2222E-01  3.4824E-01 -8.8037E-01  3.1518E-01 -8.3745E-01 -4.4658E-01
 -9.4635E-01 -3.0308E-01  1.1226E-01 -2.0346E-01  2.8865E-01 -9.3560E-01  2.5113E-01 -9.0824E-01 -3.3480E-01
  9.5004E-01 -3.0333E-01  7.3628E-02  9.0091E-02  4.0611E-02 -9.9515E-01  2.9884E-01  9.5207E-01  6.5906E-02
  8.7547E-01 -4.7621E-01  8.2528E-02  1.0525E-01  2.1201E-02 -9.9431E-01  4.7166E-01  8.7918E-01  6.8680E-02
  7.7207E-01 -6.2770E-01 -1.0013E-01 -8.6901E-02  5.1853E-02 -9.9506E-01  6.2958E-01  7.7697E-01 -1.4492E-02
  5.5153E-01 -8.1952E-01 -1.5784E-01 -1.0366E-01  1.2047E-01 -9.8788E-01  8.2769E-01  5.6128E-01 -1.8441E-02
  6.4208E-02 -8.9516E-01 -4.4371E-01 -7.3109E-02  4.3922E-01 -8.9669E-01  9.9526E-01  8.9901E-02 -3.7167E-02
 -9.7690E-02 -7.8640E-01 -6.1279E-01 -2.0338E-02  6.1717E-01 -7.8877E-01  9.9501E-01 -6.4455E-02 -7.6143E-02
 -3.5312E-01 -9.0868E-01 -2.2824E-01 -5.1722E-02  2.6249E-01 -9.6492E-01  9.3417E-01 -3.2865E-01 -1.3955E-01
 -6.8585E-01 -7.1751E-01 -1.2265E-01 -8.3799E-02  2.4519E-01 -9.6614E-01  7.2292E-01 -6.5241E-01 -2.2823E-01
 -8.4578E-01 -4.9147E-01  2.0779E-01 -2.4030E-01  3.1202E-03 -9.7077E-01  4.7637E-01 -8.7097E-01 -1.2072E-01
 -9.9527E-01 -2.7986E-03  9.7120E-02 -9.6691E-02  1.2673E-01 -9.8721E-01 -9.5452E-03 -9.9194E-01 -1.2640E-01
  9.8085E-01 -1.8540E-01  5.9753E-02  8.6089E-02  1.3734E-01 -9.8679E-01  1.7473E-01  9.7304E-01  1.5066E-01
  8.9282E-01 -4.2373E-01  1.5289E-01  1.8443E-01  3.4154E-02 -9.8233E-01  4.1094E-01  9.0522E-01  1.0863E-01
  7.0179E-01 -6.9392E-01  1.6186E-01  2.4644E-01  2.3149E-02 -9.6914E-01  6.6844E-01  7.2003E-01  1.8715E-01
  4.4266E-01 -8.6715E-01 -2.3256E-01  4.7633E-02  2.8166E-01 -9.5954E-01  8.9543E-01  4.1357E-01  1.6586E-01
  3.0830E-01 -8.7153E-01 -3.8393E-01  4.0673E-03  4.0477E-01 -9.1556E-01  9.5129E-01  2.8050E-01  1.2824E-01
 -1.2625E-02 -7.5201E-01 -6.6053E-01  3.1639E-02  6.5995E-01 -7.5196E-01  9.9942E-01 -3.0350E-02  1.5430E-02
 -4.7995E-01 -8.5970E-01 -1.7835E-01  9.8816E-02  1.4908E-01 -9.8469E-01  8.7172E-01 -4.9019E-01  1.3322E-02
 -6.6718E-01 -7.4385E-01  4.2887E-02 -1.2151E-01  5.1839E-02 -9.9157E-01  7.3493E-01 -6.6682E-01 -1.2494E-01
 -9.2245E-01 -3.5097E-01  1.6102E-01 -1.5283E-01 -5.1080E-02 -9.8697E-01  3.5458E-01 -9.3503E-01 -6.5221E-03
 -9.5189E-01 -2.6061E-01  1.6126E-01 -1.1807E-01 -1.7369E-01 -9.7772E-01  2.8279E-01 -9.4972E-01  1.3455E-01
  9.6175E-01 -2.4814E-01  1.1615E-01  1.7204E-01  2.1693E-01 -9.6093E-01  2.1323E-01  9.4415E-01  2.5131E-01
  9.1718E-01 -3.9777E-01 -2.4641E-02  1.1017E-01  3.1239E-01 -9.4360E-01  3.8298E-01  8.6274E-01  3.3031E-01
  7.9379E-01 -6.0384E-01 -7.3572E-02  1.8372E-01  3.5319E-01 -9.1749E-01  5.7983E-01  7.1479E-01  3.9121E-01
  5.9145E-01 -8.0116E-01 -9.4590E-02  3.6727E-01  3.7182E-01 -8.5312E-01  7.1796E-01  4.6993E-01  5.1385E-01
  3.0992E-01 -8.7217E-01 -3.8041E-01  2.9140E-01  4.6785E-01 -8.3529E-01  9.0512E-01  1.4809E-01  3.9861E-01
 -2.8119E-01 -9.5765E-01 -7.6687E-02  1.8618E-01  2.4050E-02 -9.8329E-01  9.4145E-01 -2.9055E-01  1.7126E-01
 -2.2946E-01 -9.1202E-01 -3.4340E-01  3.2978E-01  2.5938E-01 -9.0900E-01  9.1611E-01 -3.2140E-01  2.4016E-01
 -5.7351E-01 -8.1317E-01 -1.0201E-01  1.5818E-01  1.2342E-02 -9.8784E-01  8.0380E-01 -5.8275E-01  1.2145E-01
 -9.1573E-01 -4.0179E-01 -6.3067E-03  1.4085E-01 -3.0616E-01 -9.4155E-01  3.7634E-01 -8.6309E-01  3.3693E-01
 -9.9036E-01 -1.0676E-01  8.8291E-02 -5.8549E-02 -2.5501E-01 -9.6517E-01  1.2555E-01 -9.6104E-01  2.4630E-01
  9.4126E-01 -2.5959E-01 -2.1715E-01 -6.6848E-03  6.2751E-01 -7.7875E-01  3.3826E-01  7.3414E-01  5.8900E-01
  9.0001E-01 -4.3110E-01  6.4978E-02  3.0509E-01  5.1629E-01 -8.0031E-01  3.1138E-01  7.4009E-01  5.9613E-01
  7.2913E-01 -6.7210E-01  1.3026E-01  4.6468E-01  3.4603E-01 -8.1540E-01  5.0262E-01  6.5506E-01  5.6437E-01
  5.5262E-01 -8.2260E-01 -1.3719E-01  4.1622E-01  4.1461E-01 -8.0991E-01  7.2230E-01  3.9055E-01  5.7097E-01
  4.8994E-01 -8.2725E-01 -2.7618E-01  4.6345E-01  5.1525E-01 -7.2139E-01  7.3861E-01  2.2555E-01  6.3538E-01
  4.0899E-01 -8.5769E-01 -3.1347E-01  4.5972E-01  4.9013E-01 -7.4131E-01  7.8871E-01  1.5910E-01  5.9390E-01
 -4.0001E-02 -9.1712E-01 -4.0152E-01  4.3263E-01  3.4661E-01 -8.3448E-01  9.0166E-01 -2.0642E-01  3.8049E-01
 -8.0653E-01 -5.8606E-01  7.8358E-02  1.8817E-01 -3.7998E-01 -9.0577E-01  5.6049E-01 -7.1580E-01  4.1668E-01
 -9.4869E-01 -2.8200E-01 -1.4373E-01  2.7545E-01 -5.1198E-01 -8.1370E-01  1.5582E-01 -8.1142E-01  5.6341E-01
 -9.8747E-01 -7.2135E-02  1.4047E-01 -1.0322E-01 -3.7859E-01 -9.1981E-01  1.1952E-01 -9.2277E-01  3.6641E-01
  8.2153E-01  2.8991E-02 -5.6978E-01 -1.6071E-01  9.7041E-01 -1.8195E-01  5.4728E-01  2.4079E-01  8.0189E-01
  8.7662E-01 -4.8049E-01 -2.9297E-02  3.2245E-01  6.3134E-01 -7.0544E-01  3.5730E-01  6.0885E-01  7.0831E-01
  8.0853E-01 -5.8681E-01  4.6928E-02  4.4773E-01  5.6110E-01 -6.9646E-01  3.8217E-01  5.8412E-01  7.1616E-01
  6.4422E-01 -7.5633E-01 -1.1555E-01  5.5968E-01  5.6879E-01 -6.0306E-01  5.2159E-01  3.2390E-01  7.8939E-01
  5.8239E-01 -7.8801E-01 -2.0060E-01  5.5499E-01  5.6552E-01 -6.1038E-01  5.9421E-01  2.4422E-01  7.6639E-01
  5.0899E-01 -8.1674E-01 -2.7291E-01  5.3124E-01  5.4728E-01 -6.4720E-01  6.7760E-01  1.8451E-01  7.1196E-01
 -2.9402E-01 -9.4130E-01 -1.7239E-01  5.4882E-01 -1.8066E-02 -8.3706E-01  7.8335E-01 -3.4038E-01  5.2035E-01
 -5.9253E-01 -8.0485E-01  4.0222E-02  4.7178E-01 -3.8684E-01 -7.9276E-01  6.5317E-01 -4.5085E-01  6.0857E-01
 -9.1559E-01 -3.9831E-01 -5.7976E-02  3.0419E-01 -5.9051E-01 -7.4765E-01  2.6342E-01 -7.0196E-01  6.6181E-01
 -9.2018E-01 -1.8642E-01 -3.4513E-01  3.7777E-01 -6.5831E-01 -6.5140E-01 -1.0574E-01 -7.2930E-01  6.7616E-01
  9.8030E-01 -9.0577E-02 -1.7550E-01  1.0179E-01  9.9323E-01  5.5970E-02  1.6924E-01 -7.2732E-02  9.8289E-01
  9.4940E-01 -1.0443E-01 -2.9619E-01  1.4193E-01  9.8396E-01  1.0802E-01  2.8016E-01 -1.4459E-01  9.4900E-01
  8.4284E-01 -5.3068E-01 -9.2427E-02  4.6230E-01  8.0072E-01 -3.8166E-01  2.7633E-01  2.7880E-01  9.1975E-01
  7.2205E-01 -6.9142E-01 -3.2704E-02  5.9021E-01  6.3962E-01 -4.9303E-01  3.6156E-01  3.3673E-01  8.6948E-01
  6.6754E-01 -7.2394E-01 -1.7499E-01  6.0493E-01  6.6407E-01 -4.3979E-01  4.3444E-01  1.8779E-01  8.8094E-01
  6.0609E-01 -7.5730E-01 -2.4399E-01  5.9035E-01  6.3364E-01 -5.0037E-01  5.3334E-01  1.5933E-01  8.3080E-01
  5.8685E-01 -8.0555E-01 -9.7109E-02  7.9291E-01  5.9457E-01 -1.4385E-01  1.7331E-01  7.5071E-03  9.8485E-01
 -6.1759E-01 -7.8704E-01 -5.6185E-03  7.7427E-01 -6.0626E-01 -1.8393E-01  1.4123E-01 -1.1790E-01  9.8293E-01
 -8.3874E-01 -5.1608E-01 -1.7485E-01  5.2113E-01 -6.6600E-01 -5.3406E-01  1.5907E-01 -5.3878E-01  8.2732E-01
 -9.1107E-01 -1.2195E-01 -3.9381E-01  1.0949E-01 -9.9252E-01  5.4042E-02 -3.9745E-01  6.1165E-03  9.1760E-01
  9.3168E-01  8.1230E-02 -3.5407E-01  6.1523E-02 -9.9588E-01 -6.6583E-02 -3.5802E-01  4.0251E-02 -9.3285E-01
  8.9903E-01 -1.9107E-01 -3.9432E-01 -3.3921E-01 -8.7330E-01 -3.5001E-01 -2.7739E-01  4.4823E-01 -8.4990E-01
  7.8037E-01 -6.2538E-01 -1.5235E-02 -5.6127E-01 -6.8920E-01 -4.5856E-01  2.7614E-01  3.6628E-01 -8.8859E-01
  6.1758E-01 -7.7006E-01  1.6200E-01 -6.6107E-01 -6.1937E-01 -4.2429E-01  4.2680E-01  1.5508E-01 -8.9100E-01
 -7.1886E-01 -6.8726E-01 -1.0619E-01 -6.3579E-01  7.1137E-01 -3.0013E-01  2.8170E-01 -1.4829E-01 -9.4799E-01
 -6.7421E-01 -7.3572E-01 -6.6200E-02 -6.3998E-01  6.2650E-01 -4.4516E-01  3.6889E-01 -2.5779E-01 -8.9303E-01
 -7.0721E-01 -7.0633E-01 -3.5388E-02 -6.0269E-01  6.2809E-01 -4.9256E-01  3.6998E-01 -3.2704E-01 -8.6961E-01
 -7.9056E-01 -6.1269E-01  1.3260E-02 -6.0504E-01  7.7688E-01 -1.7593E-01  9.7400E-02 -1.4705E-01 -9.8433E-01
 -9.0651E-01 -4.1568E-01 -7.8141E-02 -3.4615E-01  8.3531E-01 -4.2781E-01  2.4290E-01 -3.6040E-01 -9.0066E-01
 -9.6039E-01 -1.4598E-01 -2.3738E-01 -1.5109E-01  9.8851E-01  3.3953E-03  2.3415E-01  3.9126E-02 -9.7141E-01
  9.5265E-01  3.0352E-01  3.1326E-02  2.5760E-01 -7.4483E-01 -6.1591E-01 -1.6353E-01  5.9431E-01 -7.8756E-01
  9.9448E-01 -9.3771E-04 -1.0664E-01 -7.6425E-02 -7.0368E-01 -7.0653E-01 -7.4371E-02  7.1052E-01 -6.9993E-01
  8.6130E-01 -5.0413E-01  6.5771E-02 -3.2519E-01 -6.4581E-01 -6.9096E-01  3.9061E-01  5.7355E-01 -7.2011E-01
  5.3418E-01 -8.3114E-01  1.5657E-01 -3.9992E-01 -4.1130E-01 -8.1960E-01  7.4501E-01  3.7537E-01 -5.5169E-01
  3.2692E-01 -9.3410E-01  1.4826E-01 -4.6790E-01 -2.9599E-01 -8.3361E-01  8.2151E-01  2.0327E-01 -5.3291E-01
 -5.4373E-01 -8.2103E-01 -1.7594E-01 -5.2764E-01  4.9710E-01 -6.8933E-01  6.5301E-01 -2.8199E-01 -7.0295E-01
 -6.4553E-01 -7.6335E-01 -3.0913E-02 -5.2589E-01  4.7330E-01 -7.0704E-01  5.5406E-01 -4.4020E-01 -7.0667E-01
 -7.3286E-01 -6.6866E-01  1.2716E-01 -5.7831E-01  5.1313E-01 -6.3462E-01  3.5881E-01 -5.3858E-01 -7.6244E-01
 -7.6392E-01 -6.3551E-01  1.1389E-01 -5.5443E-01  5.5524E-01 -6.2041E-01  3.3072E-01 -5.3705E-01 -7.7614E-01
 -9.1142E-01 -3.7611E-01  1.6743E-01 -3.6376E-01  5.4530E-01 -7.5531E-01  1.9270E-01 -7.4917E-01 -6.3376E-01
  9.7371E-01  1.4852E-01  1.7328E-01  2.2330E-01 -4.6298E-01 -8.5783E-01 -4.7180E-02  8.7385E-01 -4.8401E-01
  9.7219E-01 -2.0780E-01  1.0901E-01  3.5680E-03 -4.5174E-01 -8.9221E-01  2.3457E-01  8.6769E-01 -4.3850E-01
  9.0436E-01 -4.0405E-01  1.3829E-01 -8.3792E-02 -4.8563E-01 -8.7026E-01  4.1863E-01  7.7532E-01 -4.7310E-01
  5.4890E-01 -7.9261E-01  2.6612E-01 -1.4718E-01 -4.0494E-01 -9.0270E-01  8.2286E-01  4.5640E-01 -3.3881E-01
  3.7360E-01 -9.1498E-01  1.5607E-01 -3.0136E-01 -2.7870E-01 -9.1260E-01  8.7736E-01  2.9404E-01 -3.7949E-01
 -5.3254E-01 -8.4064E-01 -1.0300E-01 -4.4280E-01  3.8002E-01 -8.1268E-01  7.2164E-01 -3.8715E-01 -5.7402E-01
 -6.4407E-01 -7.6416E-01  4.1536E-02 -4.6741E-01  3.4973E-01 -8.1234E-01  6.0579E-01 -5.4261E-01 -5.8207E-01
 -6.9006E-01 -7.1903E-01  8.5224E-02 -4.9446E-01  3.8189E-01 -7.8123E-01  5.2877E-01 -5.8122E-01 -6.1871E-01
 -7.7443E-01 -5.6668E-01  2.8176E-01 -4.9907E-01  2.7293E-01 -8.2270E-01  3.8908E-01 -7.7767E-01 -4.9397E-01
 -9.0803E-01 -3.3174E-01  2.5620E-01 -4.0038E-01  5.0558E-01 -7.6437E-01  1.2399E-01 -7.9647E-01 -5.9185E-01
  9.4599E-01  7.2770E-02  3.1599E-01  3.2277E-01 -3.0477E-01 -8.9609E-01  3.1094E-02  9.4964E-01 -3.1179E-01
  9.3906E-01 -2.2387E-01  2.6103E-01  1.8732E-01 -3.0376E-01 -9.3422E-01  2.8837E-01  9.2614E-01 -2.4335E-01
  7.7369E-01 -5.7674E-01  2.6283E-01  7.0029E-02 -3.3458E-01 -9.3998E-01  6.2977E-01  7.4555E-01 -2.1858E-01
  5.1226E-01 -8.4511E-01  1.5533E-01  8.1050E-03 -1.7607E-01 -9.8492E-01  8.5880E-01  5.0587E-01 -8.3315E-02
  2.6925E-03 -9.9975E-01 -3.3824E-02 -3.2201E-01  3.1075E-02 -9.4822E-01  9.4717E-01  1.3419E-02 -3.2061E-01
 -4.0475E-01 -8.9497E-01 -1.9147E-01 -3.2806E-01  3.3730E-01 -8.8325E-01  8.5375E-01 -2.9460E-01 -4.2945E-01
 -4.1696E-01 -9.0497E-01 -9.3662E-02 -2.3921E-01  2.0846E-01 -9.4925E-01  8.7697E-01 -3.7322E-01 -3.0294E-01
 -7.4122E-01 -6.3240E-01  2.2568E-01 -3.8194E-01  1.2049E-01 -9.1654E-01  5.5215E-01 -7.6551E-01 -3.3066E-01
 -8.1672E-01 -4.2479E-01  3.9083E-01 -5.1230E-01  2.2134E-01 -8.2997E-01  2.6590E-01 -8.7794E-01 -3.9824E-01
 -9.4250E-01 -1.4507E-01  3.0114E-01 -3.2870E-01  2.3846E-01 -9.1386E-01  6.0754E-02 -9.6027E-01 -2.7240E-01
  9.0432E-01 -2.6603E-01  3.3388E-01  3.2435E-01 -8.0385E-02 -9.4256E-01  2.7754E-01  9.6063E-01  1.3582E-02
  8.9964E-01 -2.7980E-01  3.3542E-01  2.7987E-01 -2.2055E-01 -9.3446E-01  3.3533E-01  9.3447E-01 -1.2019E-01
  6.5422E-01 -7.2839E-01  2.0456E-01  1.7031E-01 -1.2185E-01 -9.7817E-01  7.3694E-01  6.7475E-01  4.4161E-02
  4.9158E-01 -8.4827E-01  1.9879E-01  4.6244E-02 -2.0258E-01 -9.7869E-01  8.6961E-01  4.9033E-01 -6.0431E-02
  2.8671E-02 -8.7938E-01 -4.7869E-01 -4.5835E-02  4.7723E-01 -8.7945E-01  9.9854E-01  4.7075E-02 -2.6564E-02
 -2.3138E-01 -9.7066E-01 -8.1586E-02 -9.7976E-02  1.0663E-01 -9.9068E-01  9.6794E-01 -2.2097E-01 -1.1960E-01
 -4.9032E-01 -8.6189E-01  1.3472E-01 -1.6515E-01 -6.0149E-02 -9.8525E-01  8.5587E-01 -5.0514E-01 -1.1240E-01
 -7.1142E-01 -6.7806E-01  1.8545E-01 -3.0070E-01  5.4930E-02 -9.5241E-01  6.3527E-01 -7.3331E-01 -2.4281E-01
 -8.2845E-01 -4.1574E-01  3.7548E-01 -4.3409E-01  5.2636E-02 -8.9944E-01  3.5405E-01 -9.0804E-01 -2.2398E-01
 -9.5511E-01 -9.8764E-02  2.7938E-01 -2.9153E-01  1.4405E-01 -9.4567E-01  5.3145E-02 -9.8464E-01 -1.6635E-01
  9.2130E-01 -1.3857E-01  3.6344E-01  3.6604E-01 -7.1197E-03 -9.3062E-01  1.3151E-01  9.9033E-01  4.4154E-02
  8.5462E-01 -3.7692E-01  3.5732E-01  3.6182E-01 -6.1609E-02 -9.3031E-01  3.7256E-01  9.2427E-01  8.3654E-02
  7.7304E-01 -5.6183E-01  2.9510E-01  3.3339E-01 -3.6355E-02 -9.4231E-01  5.3989E-01  8.2670E-01  1.5900E-01
  5.9253E-01 -7.9255E-01  1.4725E-01  2.4942E-01  6.2987E-03 -9.6898E-01  7.6615E-01  6.1074E-01  2.0096E-01
  5.8871E-02 -9.8500E-01  1.6928E-01  1.2393E-01 -1.6107E-01 -9.8033E-01  9.9056E-01  7.8587E-02  1.1235E-01
 -1.7289E-01 -9.8643E-01  1.6100E-02  2.3497E-03 -1.6729E-02 -1.0000E+00  9.8495E-01 -1.7282E-01  5.1867E-03
 -6.2930E-01 -7.4908E-01  2.0810E-01 -1.3122E-01 -1.6169E-01 -9.7847E-01  7.6605E-01 -6.4305E-01  3.6252E-03
 -8.1055E-01 -5.2619E-01  2.5751E-01 -1.6318E-01 -2.1956E-01 -9.6201E-01  5.6255E-01 -8.2172E-01  9.2190E-02
 -8.8188E-01 -2.7402E-01  3.8380E-01 -3.7403E-01 -8.9318E-02 -9.2317E-01  2.8718E-01 -9.5760E-01 -2.3687E-02
 -9.1133E-01 -3.1354E-02  4.1064E-01 -4.0787E-01 -6.9388E-02 -9.1047E-01  5.7023E-02 -9.9710E-01  5.0431E-02
  8.4463E-01 -3.4056E-01  4.1328E-01  4.7565E-01  1.2242E-01 -8.7120E-01  2.4600E-01  9.3227E-01  2.6529E-01
  7.9209E-01 -5.1066E-01  3.3480E-01  4.3480E-01  8.6515E-02 -8.9656E-01  4.2867E-01  8.5560E-01  2.9037E-01
  7.6605E-01 -5.7922E-01  2.7917E-01  4.2711E-01  1.3367E-01 -8.9448E-01  4.8056E-01  8.0438E-01  3.4958E-01
  4.4358E-01 -8.9263E-01 -8.9600E-02  2.6102E-01  2.2405E-01 -9.3990E-01  8.5749E-01  3.9339E-01  3.3188E-01
  3.6248E-01 -9.2574E-01 -1.1672E-01  2.6358E-01  2.2169E-01 -9.3992E-01  8.9411E-01  3.0970E-01  3.2364E-01
 -2.1381E-01 -9.6532E-01  1.5832E-01  1.0526E-01 -1.8384E-01 -9.7867E-01  9.7121E-01 -1.9244E-01  1.4067E-01
 -6.3083E-01 -7.4633E-01  2.1294E-01 -6.5586E-02 -2.2223E-01 -9.7308E-01  7.7316E-01 -6.2783E-01  9.1296E-02
 -8.4976E-01 -4.7334E-01  2.3228E-01 -1.1647E-01 -2.6128E-01 -9.5833E-01  5.1418E-01 -8.4138E-01  1.6694E-01
 -9.2481E-01 -2.5712E-01  2.8051E-01 -2.1147E-01 -2.6574E-01 -9.4063E-01  3.1633E-01 -9.2919E-01  1.9143E-01
 -9.2970E-01  2.2782E-02  3.6770E-01 -3.5964E-01 -2.7249E-01 -8.9245E-01  7.9845E-02 -9.6189E-01  2.6152E-01
  9.3870E-01 -1.7985E-01  2.9423E-01  3.4269E-01  3.9132E-01 -8.5411E-01  3.8461E-02  9.0251E-01  4.2895E-01
  8.6434E-01 -4.5157E-01  2.2175E-01  4.1063E-01  3.7846E-01 -8.2969E-01  2.9062E-01  8.0814E-01  5.1240E-01
  6.8724E-01 -7.2095E-01  9.1626E-02  4.5631E-01  3.2982E-01 -8.2688E-01  5.6546E-01  6.1007E-01  5.5530E-01
  5.8934E-01 -8.0809E-01  2.3000E-02  4.1487E-01  2.7781E-01 -8.6703E-01  6.9351E-01  5.2043E-01  4.9841E-01
  5.1947E-01 -8.3886E-01 -1.6533E-01  4.4563E-01  4.3068E-01 -7.8542E-01  7.2938E-01  3.3438E-01  5.9696E-01
  1.3549E-01 -9.7277E-01 -1.9294E-01  3.5573E-01  2.2903E-01 -9.0830E-01  9.2558E-01  5.4376E-02  3.7503E-01
 -4.8391E-01 -8.1407E-01  3.2207E-01  3.0090E-01 -5.0016E-01 -8.1240E-01  8.2190E-01 -2.9638E-01  4.8667E-01
 -9.4524E-01 -2.7623E-01  1.7476E-01 -2.7905E-02 -4.6483E-01 -8.8508E-01  3.2558E-01 -8.4132E-01  4.3175E-01
 -9.9711E-01 -3.8541E-02  6.8719E-02 -3.3864E-02 -5.7863E-01 -8.1502E-01  7.1114E-02 -8.1471E-01  5.7572E-01
 -9.5782E-01  2.1326E-01  1.9369E-01 -2.8002E-01 -5.3079E-01 -8.0009E-01 -6.7806E-02 -8.2023E-01  5.6813E-01
  8.8013E-01 -4.3137E-01  1.9919E-01  4.4991E-01  6.2187E-01 -6.4126E-01  1.5262E-01  6.5372E-01  7.4122E-01
  7.7059E-01 -6.2579E-01  1.2269E-01  5.5539E-01  5.6395E-01 -6.1170E-01  3.1324E-01  5.3946E-01  7.8171E-01
  7.0148E-01 -7.0816E-01  8.2577E-02  5.4088E-01  4.5306E-01 -7.0904E-01  4.6437E-01  5.4203E-01  7.0052E-01
  6.6162E-01 -7.4909E-01 -3.9413E-02  5.5350E-01  5.2294E-01 -6.4860E-01  5.0618E-01  4.0735E-01  7.6025E-01
  5.9346E-01 -8.0097E-01 -8.2486E-02  5.1933E-01  4.5899E-01 -7.2128E-01  6.1520E-01  3.8524E-01  6.8793E-01
 -2.6834E-01 -9.2924E-01  2.5630E-01  5.3678E-01 -3.6499E-01 -7.6144E-01  8.0035E-01 -6.6915E-02  5.9589E-01
 -4.9334E-01 -8.3422E-01  2.4775E-01  5.0376E-01 -5.0591E-01 -7.0073E-01  7.0942E-01 -2.2110E-01  6.6935E-01
 -9.2256E-01 -3.7836E-01  7.7915E-02  1.6479E-01 -5.6806E-01 -8.0646E-01  3.4923E-01 -7.3096E-01  5.8645E-01
 -9.4276E-01 -1.0462E-01 -3.1736E-01  2.6804E-01 -8.0412E-01 -5.3084E-01 -1.9959E-01 -5.8520E-01  7.8612E-01
 -9.4897E-01  2.0754E-01 -2.3855E-01 -4.3648E-02 -8.3342E-01 -5.5113E-01 -3.1306E-01 -5.1228E-01  7.9993E-01
  7.9947E-01 -5.7364E-01  1.7998E-01  5.8162E-01  6.6224E-01 -4.7311E-01  1.5186E-01  4.8268E-01  8.6261E-01
  7.8671E-01 -6.0903E-01  1.0346E-01  5.9996E-01  7.1339E-01 -3.6290E-01  1.4696E-01  3.4742E-01  9.2615E-01
  7.6092E-01 -6.4581E-01  6.6031E-02  6.2659E-01  7.0403E-01 -3.3498E-01  1.6965E-01  2.9622E-01  9.3996E-01
  7.8147E-01 -6.2396E-01 -1.9901E-02  6.1259E-01  7.7258E-01 -1.6813E-01  1.2022E-01  1.1917E-01  9.8557E-01
  7.1744E-01 -6.9332E-01 -7.0156E-02  6.2196E-01  6.8247E-01 -3.8438E-01  3.1425E-01  2.3217E-01  9.2053E-01
  7.2623E-01 -6.7706E-01 -1.2052E-01  6.4548E-01  7.3155E-01 -2.2032E-01  2.3725E-01  8.2262E-02  9.6797E-01
  6.5112E-01 -7.3790E-01 -1.7839E-01  6.7709E-01  6.7075E-01 -3.0317E-01  3.4328E-01  7.6667E-02  9.3611E-01
 -8.2706E-01 -4.8074E-01 -2.9163E-01  5.5504E-01 -7.8100E-01 -2.8663E-01 -8.9949E-02 -3.9881E-01  9.1262E-01
 -8.6425E-01 -4.7703E-01 -1.6092E-01  4.7760E-01 -6.7575E-01 -5.6177E-01  1.5913E-01 -5.6208E-01  8.1166E-01
 -9.5939E-01  2.6685E-01 -9.4303E-02 -1.6743E-01 -8.0375E-01 -5.7118E-01 -2.2812E-01 -5.3182E-01  8.1570E-01
  9.1861E-01  3.9312E-01  4.9364E-02  3.9026E-01 -8.7618E-01 -2.8424E-01 -6.8454E-02  2.7999E-01 -9.5758E-01
  9.8493E-01  1.3837E-01 -1.0377E-01  1.3428E-01 -9.8990E-01 -4.5441E-02 -1.0901E-01  3.0822E-02 -9.9356E-01
  9.4555E-01 -2.4868E-01 -2.0997E-01 -2.6689E-01 -9.6167E-01 -6.2917E-02 -1.8628E-01  1.1553E-01 -9.7568E-01
  7.5242E-01 -6.4084E-01  1.5316E-01 -4.7961E-01 -6.9211E-01 -5.3968E-01  4.5165E-01  3.3256E-01 -8.2792E-01
  7.0823E-01 -6.9855E-01  1.0382E-01 -6.5113E-01 -7.0281E-01 -2.8709E-01  2.7341E-01  1.3574E-01 -9.5228E-01
 -6.4150E-01 -7.6556E-01 -5.2807E-02 -6.1814E-01  5.5628E-01 -5.5575E-01  4.5464E-01 -3.2387E-01 -8.2973E-01
 -6.9742E-01 -7.1655E-01  2.0536E-02 -6.0536E-01  5.7334E-01 -5.5240E-01  3.8388E-01 -3.9770E-01 -8.3339E-01
 -7.4317E-01 -6.6282E-01  9.3422E-02 -6.2799E-01  6.4208E-01 -4.4021E-01  2.3159E-01 -3.8579E-01 -8.9309E-01
 -7.7258E-01 -6.1731E-01  1.5015E-01 -6.1698E-01  6.7274E-01 -4.0902E-01  1.5121E-01 -4.0849E-01 -9.0020E-01
 -7.9365E-01 -5.8788E-01  1.5875E-01 -6.0240E-01  7.1998E-01 -3.4560E-01  8.8631E-02 -3.6965E-01 -9.2497E-01
  9.8882E-01  1.4596E-01  3.8303E-02  1.2673E-01 -6.6504E-01 -7.3617E-01 -8.1972E-02  7.3241E-01 -6.7611E-01
  9.9035E-01  8.0307E-02 -1.1430E-01 -7.4630E-03 -7.8674E-01 -6.1733E-01 -1.3947E-01  6.1204E-01 -7.7856E-01
  9.8328E-01 -1.8255E-01  1.6159E-02 -1.0437E-01 -6.3053E-01 -7.6925E-01  1.5052E-01  7.5443E-01 -6.3908E-01
  7.7820E-01 -5.8664E-01  2.2490E-01 -2.7700E-01 -6.4178E-01 -7.1535E-01  5.6370E-01  4.9426E-01 -6.6186E-01
  4.1395E-01 -8.3001E-01  3.7488E-01 -5.2524E-01 -5.5390E-01 -6.4664E-01  7.4384E-01  7.1079E-02 -6.6470E-01
  2.2289E-01 -9.0998E-01  3.5173E-01 -6.2825E-01 -4.0989E-01 -6.6234E-01  7.4607E-01 -7.3088E-02 -6.6193E-01
 -7.0491E-01 -6.9839E-01  1.2497E-01 -6.0224E-01  4.9585E-01 -6.2594E-01  3.7498E-01 -5.1647E-01 -7.6990E-01
 -7.3354E-01 -6.5742E-01  1.7316E-01 -6.1164E-01  5.2699E-01 -5.9036E-01  2.9666E-01 -5.3891E-01 -7.8846E-01
 -7.5753E-01 -6.3103E-01  1.6864E-01 -6.0522E-01  5.8101E-01 -5.4474E-01  2.4542E-01 -5.1461E-01 -8.2164E-01
 -8.6800E-01 -4.2889E-01  2.5144E-01 -4.9099E-01  6.6022E-01 -5.6884E-01  7.7824E-02 -6.1677E-01 -7.8333E-01
  8.5613E-01  3.5384E-01  3.7734E-01  5.1652E-01 -5.4580E-01 -6.6015E-01 -2.7499E-02  7.5963E-01 -6.4984E-01
  9.6467E-01  3.6601E-02  2.6163E-01  2.4972E-01 -4.5012E-01 -8.5750E-01  8.6312E-02  8.9225E-01 -4.4343E-01
  9.5584E-01 -2.6998E-01  1.1772E-01 -6.1173E-02 -5.7322E-01 -8.1725E-01  2.8798E-01  7.7373E-01 -5.6448E-01
  7.4103E-01 -5.9227E-01  3.1709E-01 -2.9804E-02 -5.0074E-01 -8.6535E-01  6.7092E-01  6.3159E-01 -3.8879E-01
  2.0471E-01 -8.4085E-01  5.0170E-01 -3.1983E-01 -5.4183E-01 -7.7767E-01  9.2520E-01 -1.0511E-03 -3.7957E-01
  1.8573E-01 -8.7203E-01  4.5379E-01 -3.8120E-01 -4.8954E-01 -7.8477E-01  9.0583E-01 -2.6998E-02 -4.2288E-01
 -6.0041E-01 -7.8074E-01  1.7656E-01 -4.3737E-01  1.3505E-01 -8.8975E-01  6.7008E-01 -6.1099E-01 -4.2173E-01
 -7.2195E-01 -6.6083E-01  2.0606E-01 -4.8464E-01  2.6984E-01 -8.3238E-01  4.9413E-01 -7.0074E-01 -5.1479E-01
 -7.7795E-01 -5.3332E-01  3.3304E-01 -5.9235E-01  4.4405E-01 -6.7276E-01  2.1052E-01 -7.2037E-01 -6.6100E-01
 -8.4357E-01 -3.9443E-01  3.6495E-01 -5.3236E-01  5.2132E-01 -6.6721E-01  7.2746E-02 -7.5685E-01 -6.4960E-01
  9.1216E-01 -1.3123E-02  4.1021E-01  3.8229E-01 -3.3686E-01 -8.6071E-01  1.4936E-01  9.4149E-01 -3.0233E-01
  9.1175E-01 -2.7210E-01  3.0810E-01  2.2047E-01 -3.0922E-01 -9.2522E-01  3.4688E-01  9.1135E-01 -2.2205E-01
  8.0762E-01 -5.0751E-01  3.0088E-01  1.4380E-01 -3.2552E-01 -9.3473E-01  5.7208E-01  7.9800E-01 -1.9005E-01
  6.0879E-01 -7.2986E-01  3.1171E-01  2.4853E-02 -3.7525E-01 -9.2692E-01  7.9298E-01  5.7193E-01 -2.1043E-01
  3.0519E-01 -8.5465E-01  4.2096E-01 -1.3307E-01 -4.7592E-01 -8.6986E-01  9.4298E-01  2.0960E-01 -2.5880E-01
  1.0774E-01 -8.9106E-01  4.4219E-01 -3.1535E-01 -4.5241E-01 -8.3484E-01  9.4301E-01 -4.9295E-02 -3.2920E-01
 -6.9603E-01 -6.7721E-01  2.3957E-01 -4.0099E-01  8.9388E-02 -9.1201E-01  5.9586E-01 -7.3071E-01 -3.3345E-01
 -7.3509E-01 -6.1569E-01  2.8457E-01 -4.9012E-01  1.9197E-01 -8.5055E-01  4.6877E-01 -7.6456E-01 -4.4256E-01
 -7.9596E-01 -4.8379E-01  3.6420E-01 -4.4993E-01  6.9806E-02 -8.9050E-01  4.0523E-01 -8.7254E-01 -2.7306E-01
 -8.1577E-01 -3.1806E-01  4.8339E-01 -5.3352E-01  8.9911E-02 -8.4119E-01  2.2397E-01 -9.4387E-01 -2.4288E-01
  8.4357E-01 -1.0267E-02  5.3715E-01  5.3211E-01 -1.2200E-01 -8.3799E-01  7.4107E-02  9.9248E-01 -9.7440E-02
  8.7428E-01 -2.2589E-01  4.3003E-01  3.9438E-01 -1.8698E-01 -8.9990E-01  2.8356E-01  9.5611E-01 -7.4520E-02
  8.2811E-01 -4.4620E-01  3.3981E-01  3.0699E-01 -1.4670E-01 -9.4053E-01  4.6930E-01  8.8300E-01  1.5312E-02
  7.2973E-01 -6.1207E-01  3.0538E-01  1.9667E-01 -2.4006E-01 -9.5085E-01  6.5499E-01  7.5374E-01 -5.4988E-02
  2.3715E-01 -7.9604E-01  5.5759E-01 -1.7086E-02 -5.7729E-01 -8.1687E-01  9.7133E-01  1.8410E-01 -1.5053E-01
 -2.6757E-01 -9.5762E-01  1.2066E-01 -2.5195E-01 -5.1675E-02 -9.6795E-01  9.3042E-01 -2.8893E-01 -2.2602E-01
 -7.1549E-01 -6.2537E-01  3.1220E-01 -2.6881E-01 -1.6633E-01 -9.4898E-01  6.4506E-01 -7.6268E-01 -4.8854E-02
 -7.7719E-01 -5.3748E-01  3.2776E-01 -4.0376E-01  2.5910E-02 -9.1472E-01  4.8292E-01 -8.4309E-01 -2.3693E-01
 -8.2738E-01 -3.4606E-01  4.4271E-01 -4.7128E-01 -1.8820E-03 -8.8217E-01  3.0598E-01 -9.3830E-01 -1.6137E-01
 -8.4015E-01 -2.2077E-01  4.9563E-01 -5.0757E-01 -3.1197E-03 -8.6176E-01  1.9172E-01 -9.7535E-01 -1.0934E-01
  8.6749E-01 -1.0310E-01  4.8718E-01  4.9541E-01  7.9488E-02 -8.6532E-01  5.0442E-02  9.9150E-01  1.1994E-01
  8.1245E-01 -4.3541E-01  3.8811E-01  4.4917E-01  4.2372E-02 -8.9263E-01  3.7205E-01  8.9937E-01  2.2981E-01
  7.9470E-01 -5.0058E-01  3.4375E-01  3.9513E-01 -3.7788E-03 -9.1881E-01  4.6104E-01  8.6586E-01  1.9460E-01
  4.9980E-01 -8.6161E-01  9.5969E-02  2.6186E-01  4.4337E-02 -9.6485E-01  8.2584E-01  5.0710E-01  2.4715E-01
  4.8287E-02 -8.5560E-01  5.1655E-01  2.4475E-01 -4.9130E-01 -8.3661E-01  9.6848E-01  1.6665E-01  1.8525E-01
 -4.3627E-01 -8.2663E-01  3.5673E-01 -5.8834E-02 -3.6946E-01 -9.2789E-01  8.9796E-01 -4.2558E-01  1.1275E-01
 -4.1074E-01 -8.7781E-01  2.4916E-01 -8.5555E-02 -2.3508E-01 -9.6894E-01  9.0780E-01 -4.1908E-01  2.1780E-02
 -8.1148E-01 -5.0390E-01  2.9652E-01 -1.7324E-01 -2.7741E-01 -9.4521E-01  5.5829E-01 -8.1822E-01  1.3797E-01
 -8.6205E-01 -1.2956E-01  4.9048E-01 -4.6600E-01 -1.8015E-01 -8.6653E-01  2.0049E-01 -9.7511E-01  9.5054E-02
 -8.4586E-01  1.6724E-02  5.3337E-01 -5.2905E-01 -1.5699E-01 -8.3409E-01  6.9761E-02 -9.8746E-01  1.4163E-01
  8.0151E-01 -3.4659E-01  4.8788E-01  5.8937E-01  3.1574E-01 -7.4403E-01  1.0353E-01  8.8345E-01  4.5706E-01
  7.7489E-01 -4.5900E-01  4.3511E-01  5.6723E-01  1.9990E-01 -7.9926E-01  2.7966E-01  8.6585E-01  4.1495E-01
  6.9178E-01 -6.8880E-01  2.1782E-01  3.6217E-01  6.9578E-02 -9.2983E-01  6.2493E-01  7.2202E-01  2.9729E-01
  6.6572E-01 -7.2282E-01  1.8685E-01  3.8165E-01  1.1418E-01 -9.1761E-01  6.4147E-01  6.8206E-01  3.5150E-01
  4.5864E-01 -8.8928E-01  3.5554E-02  3.8149E-01  1.6019E-01 -9.1163E-01  8.0334E-01  4.3112E-01  4.1116E-01
 -2.1001E-01 -9.3944E-01  2.7465E-01  1.5859E-01 -3.0986E-01 -9.3862E-01  9.6479E-01 -1.5361E-01  2.1374E-01
 -6.3398E-01 -6.8144E-01  3.6652E-01 -4.5424E-02 -4.4034E-01 -8.9704E-01  7.7212E-01 -5.8508E-01  2.4834E-01
 -8.8253E-01 -3.5133E-01  3.1306E-01 -2.0145E-01 -3.1947E-01 -9.2610E-01  4.2521E-01 -8.8020E-01  2.1130E-01
 -8.9683E-01 -1.9609E-01  3.9701E-01 -3.3775E-01 -2.7720E-01 -8.9969E-01  2.8633E-01 -9.4066E-01  1.8251E-01
 -8.1454E-01  2.1912E-01  5.3765E-01 -5.7997E-01 -3.4880E-01 -7.3653E-01  2.6268E-02 -9.1125E-01  4.1109E-01
  7.9778E-01 -5.0292E-01  3.3326E-01  5.7823E-01  4.7977E-01 -6.6032E-01  1.7188E-01  7.1926E-01  6.7326E-01
  7.7778E-01 -4.6635E-01  4.2181E-01  5.6902E-01  2.3632E-01 -7.8792E-01  2.6755E-01  8.5264E-01  4.4891E-01
  7.0308E-01 -6.8614E-01  1.8784E-01  4.6860E-01  2.4789E-01 -8.4825E-01  5.3511E-01  6.8434E-01  4.9551E-01
  6.7699E-01 -7.2964E-01  9.8679E-02  5.2487E-01  3.8417E-01 -7.5993E-01  5.1622E-01  5.6623E-01  6.4270E-01
  3.6996E-01 -9.1519E-01  1.7056E-01  4.3744E-01  8.7194E-03 -9.0103E-01  8.2076E-01  4.0715E-01  4.0126E-01
 -4.0008E-01 -7.2338E-01  5.6317E-01  2.2645E-01 -6.7340E-01 -7.0415E-01  8.8811E-01 -1.5433E-01  4.3307E-01
 -7.3410E-01 -5.9454E-01  3.2878E-01  9.3483E-02 -5.6795E-01 -8.1803E-01  6.7267E-01 -5.6957E-01  4.7254E-01
 -8.8730E-01 -4.3109E-01  1.6493E-01  1.2018E-01 -5.6099E-01 -8.1922E-01  4.4547E-01 -7.0688E-01  5.4961E-01
 -9.6355E-01 -8.6338E-03  2.6811E-01 -2.3609E-01 -4.4775E-01 -8.6259E-01  1.2741E-01 -8.9415E-01  4.2948E-01
 -9.2561E-01  1.7159E-01  3.3830E-01 -3.7698E-01 -5.1609E-01 -7.6950E-01  4.2486E-02 -8.3919E-01  5.4230E-01
  8.5112E-01 -4.2146E-01  3.1380E-01  5.2086E-01  5.9819E-01 -6.0939E-01  6.8950E-02  6.8173E-01  7.2841E-01
  7.6823E-01 -5.8293E-01  2.6550E-01  5.9184E-01  4.8745E-01 -6.4244E-01  2.4472E-01  6.5048E-01  7.1913E-01
  7.4061E-01 -6.4009E-01  2.0528E-01  5.9905E-01  4.8991E-01 -6.3373E-01  3.0479E-01  5.9222E-01  7.4599E-01
  6.9859E-01 -7.1077E-01  8.3817E-02  5.9144E-01  5.0734E-01 -6.2701E-01  4.0295E-01  4.8759E-01  7.7458E-01
 -1.5411E-01 -8.8547E-01  4.3995E-01  5.4881E-01 -4.4696E-01 -7.0735E-01  8.2211E-01  1.3212E-01  5.5389E-01
 -5.4405E-01 -7.0836E-01  4.5016E-01  2.9741E-01 -6.6436E-01 -6.8607E-01  7.8465E-01 -2.3949E-01  5.7194E-01
 -9.5624E-01 -2.8765E-01  5.6255E-02  1.6080E-01 -6.7544E-01 -7.1978E-01  2.4494E-01 -6.7904E-01  6.9214E-01
 -9.5177E-01 -2.4719E-01 -1.8260E-01  3.0725E-01 -7.5176E-01 -5.8365E-01  6.9750E-03 -6.1137E-01  7.9141E-01
 -9.8415E-01 -4.1166E-02 -1.7358E-01  1.4117E-01 -7.7474E-01 -6.1644E-01 -1.0908E-01 -6.3094E-01  7.6827E-01
 -9.7068E-01  1.7967E-01  1.6140E-01 -2.3820E-01 -6.0080E-01 -7.6334E-01 -4.0201E-02 -7.7895E-01  6.2596E-01
  8.0934E-01 -5.6671E-01  1.5657E-01  5.8358E-01  7.4208E-01 -3.3086E-01  7.1108E-02  3.5887E-01  9.3071E-01
  7.8350E-01 -6.1776E-01  7.0089E-02  6.1403E-01  7.5118E-01 -2.4313E-01  9.7456E-02  2.3343E-01  9.6748E-01
  7.5394E-01 -6.4684E-01  1.1639E-01  6.2645E-01  6.5373E-01 -4.2501E-01  1.9861E-01  3.9328E-01  8.9775E-01
  7.3320E-01 -6.7616E-01  7.4430E-02  6.1794E-01  6.1628E-01 -4.8862E-01  2.8432E-01  4.0423E-01  8.6939E-01
  7.4169E-01 -6.7018E-01 -3.2437E-02  6.3776E-01  7.1917E-01 -2.7634E-01  2.0845E-01  1.8429E-01  9.6052E-01
 -4.0743E-01 -8.9801E-01  1.7062E-01  7.6886E-01 -4.3769E-01 -4.6777E-01  4.9417E-01 -5.9521E-02  8.6738E-01
 -7.6160E-01 -6.4815E-01 -1.0611E-02  6.2037E-01 -7.2401E-01 -3.0198E-01  1.8799E-01 -2.3651E-01  9.5327E-01
 -9.7688E-01 -3.6987E-02 -2.1054E-01  4.7826E-02 -9.9777E-01 -4.6619E-02 -2.0835E-01 -5.5611E-02  9.7647E-01
 -9.4173E-01 -2.4571E-02 -3.3589E-01  1.7987E-01 -8.8007E-01 -4.3964E-01 -2.8472E-01 -4.7427E-01  8.3321E-01
 -9.5424E-01  2.4915E-01 -1.6642E-01 -1.7135E-01 -9.0953E-01 -3.7890E-01 -2.4567E-01 -3.3284E-01  9.1053E-01
  8.5022E-01  5.1493E-01  1.1295E-01  5.2696E-01 -8.3612E-01 -1.5486E-01  1.4720E-02  1.9100E-01 -9.8149E-01
  9.5790E-01  2.3912E-01  1.6108E-01  2.8835E-01 -8.0454E-01 -5.1977E-01  5.2066E-03  5.4377E-01 -8.3937E-01
  9.8899E-01  1.3602E-01 -6.0453E-02  8.2037E-02 -8.3698E-01 -5.4112E-01 -1.2418E-01  5.3006E-01 -8.3892E-01
  9.7129E-01 -1.4055E-01 -1.9254E-01 -2.2308E-01 -8.2070E-01 -5.2610E-01 -8.4065E-02  5.5380E-01 -8.2848E-01
  8.2627E-01 -5.6341E-01  5.6174E-03 -5.1550E-01 -7.5996E-01 -3.9610E-01  2.2737E-01  3.2431E-01 -9.1822E-01
  6.5044E-01 -7.5110E-01  1.1546E-01 -7.3639E-01 -6.6051E-01 -1.4836E-01  1.8760E-01  1.1550E-02 -9.8218E-01
 -7.8946E-01 -6.1370E-01  1.9059E-02 -6.1188E-01  7.8378E-01 -1.0732E-01  5.0907E-02 -9.6357E-02 -9.9404E-01
 -7.0741E-01 -6.8207E-01  1.8645E-01 -6.6258E-01  5.4733E-01 -5.1173E-01  2.4677E-01 -4.8541E-01 -8.3877E-01
 -7.6955E-01 -5.8748E-01  2.5151E-01 -6.3384E-01  6.5177E-01 -4.1719E-01  8.0880E-02 -4.8020E-01 -8.7348E-01
 -8.1301E-01 -5.7464E-01  9.6372E-02 -5.8171E-01  7.9104E-01 -1.9064E-01  3.3277E-02 -2.1093E-01 -9.7694E-01
  8.2205E-01  4.4369E-01  3.5820E-01  5.6827E-01 -6.8894E-01 -4.5092E-01  4.6943E-02  5.7363E-01 -8.1786E-01
  8.5321E-01  3.6199E-01  3.7654E-01  5.0465E-01 -7.5729E-01 -4.1545E-01  1.3472E-01  5.4392E-01 -8.2831E-01
  9.8243E-01  1.9069E-02  1.8663E-01  1.5159E-01 -6.6721E-01 -7.2944E-01  1.1055E-01  7.4464E-01 -6.5839E-01
  9.1752E-01 -3.5765E-01  1.7470E-01 -1.0661E-01 -6.4381E-01 -7.5785E-01  3.8338E-01  6.7654E-01 -6.2886E-01
  7.8216E-01 -5.6894E-01  2.5461E-01 -2.9399E-01 -6.9703E-01 -6.5423E-01  5.4944E-01  4.3674E-01 -7.1237E-01
  4.1386E-01 -7.1129E-01  5.6898E-01 -6.0572E-01 -6.8159E-01 -4.1164E-01  6.8011E-01 -1.7375E-01 -7.1235E-01
 -6.8819E-01 -6.8819E-01  2.3178E-01 -6.3936E-01  4.2278E-01 -6.4298E-01  3.4415E-01 -5.9030E-01 -7.3018E-01
 -7.2049E-01 -6.2738E-01  2.9623E-01 -6.5756E-01  4.8129E-01 -5.8006E-01  2.2111E-01 -6.1250E-01 -7.5895E-01
 -7.4791E-01 -5.2436E-01  4.0801E-01 -6.4197E-01  4.1212E-01 -6.4722E-01  1.7085E-01 -7.4550E-01 -6.4432E-01
 -7.7173E-01 -5.3410E-01  3.4626E-01 -6.3166E-01  5.7588E-01 -5.1973E-01  7.7817E-02 -6.1941E-01 -7.8130E-01
  6.8279E-01  4.1499E-01  6.0223E-01  7.2662E-01 -4.7803E-01 -4.9451E-01  8.2907E-02  7.7439E-01 -6.2736E-01
  7.6105E-01  2.7728E-01  5.8714E-01  6.0026E-01 -6.4525E-01 -4.7332E-01  2.4757E-01  7.1197E-01 -6.5724E-01
  9.6430E-01 -1.5458E-01  2.1587E-01  1.0454E-01 -5.2666E-01 -8.4376E-01  2.4401E-01  8.3596E-01 -4.9178E-01
  7.1853E-01 -6.0472E-01  3.4427E-01 -7.2627E-02 -5.5745E-01 -8.2733E-01  6.9179E-01  5.6924E-01 -4.4450E-01
  6.8584E-01 -5.8573E-01  4.3253E-01 -1.0625E-01 -6.6842E-01 -7.3652E-01  7.2003E-01  4.5895E-01 -5.2064E-01
  3.6261E-01 -5.9735E-01  7.1566E-01 -2.5527E-01 -8.0219E-01 -5.4027E-01  8.9635E-01  1.3399E-02 -4.4328E-01
 -5.9448E-01 -6.8573E-01  4.2507E-01 -5.7985E-01 -4.4543E-03 -8.1733E-01  5.6018E-01 -7.3024E-01 -3.9197E-01
 -7.2676E-01 -5.1061E-01  4.6162E-01 -5.9704E-01  1.3329E-01 -7.9231E-01  3.4236E-01 -8.5009E-01 -4.0042E-01
 -7.6185E-01 -5.0756E-01  4.0303E-01 -5.7820E-01  2.5116E-01 -7.7664E-01  2.9270E-01 -8.2444E-01 -4.8448E-01
 -6.5720E-01 -3.7753E-01  6.5337E-01 -7.5323E-01  2.7547E-01 -5.9845E-01  4.5787E-02 -8.8440E-01 -4.6456E-01
  7.7019E-01  2.6787E-01  5.7974E-01  6.3825E-01 -3.5211E-01 -6.8533E-01  2.0863E-02  8.9694E-01 -4.4179E-01
  6.7086E-01 -5.6589E-02  7.4036E-01  6.5889E-01 -4.1481E-01 -6.2864E-01  3.4224E-01  9.0824E-01 -2.4111E-01
  9.0629E-01 -1.6281E-01  3.9082E-01  2.9099E-01 -4.3139E-01 -8.5426E-01  3.0744E-01  8.8744E-01 -3.4371E-01
  8.5166E-01 -3.8806E-01  3.5286E-01  1.3897E-01 -4.8202E-01 -8.6528E-01  5.0562E-01  7.8568E-01 -3.5670E-01
  2.8955E-01 -5.4071E-01  7.9021E-01 -6.2211E-03 -8.2665E-01 -5.6329E-01  9.5717E-01  1.5809E-01 -2.4283E-01
  1.9429E-02 -6.2164E-01  7.8369E-01 -4.2660E-01 -7.1408E-01 -5.5586E-01  9.0452E-01 -3.2301E-01 -2.7865E-01
 -6.3916E-01 -7.0109E-01  3.1896E-01 -4.4760E-01  6.3784E-04 -8.9517E-01  6.2641E-01 -7.1402E-01 -3.1312E-01
 -7.1296E-01 -6.1720E-01  3.3401E-01 -4.5533E-01  4.4424E-02 -8.8965E-01  5.3384E-01 -7.8592E-01 -3.1221E-01
 -7.8483E-01 -4.2299E-01  4.5340E-01 -5.4201E-01  1.1263E-01 -8.3308E-01  3.0114E-01 -8.9925E-01 -3.1738E-01
 -7.2716E-01 -2.1929E-01  6.5128E-01 -6.8586E-01  1.7236E-01 -7.0776E-01  4.2778E-02 -9.6040E-01 -2.7539E-01
  7.2784E-01 -2.2653E-02  6.8604E-01  6.7607E-01 -1.4933E-01 -7.2218E-01  1.1870E-01  9.8853E-01 -9.3401E-02
  7.2547E-01 -1.7090E-01  6.6788E-01  6.3164E-01 -2.2392E-01 -7.4329E-01  2.7611E-01  9.5964E-01 -5.4889E-02
  8.1841E-01 -4.0357E-01  4.0976E-01  3.4061E-01 -2.3426E-01 -9.1085E-01  4.6330E-01  8.8461E-01 -5.4490E-02
  6.8334E-01 -6.3941E-01  3.5354E-01  2.6556E-01 -2.3370E-01 -9.3573E-01  6.8042E-01  7.3287E-01  9.7704E-03
  1.4583E-01 -8.1246E-01  5.6539E-01  5.6626E-02 -5.6372E-01 -8.2464E-01  9.8770E-01  1.5215E-01 -3.6315E-02
 -6.4608E-03 -6.0006E-01  8.0009E-01 -1.3192E-01 -7.9260E-01 -5.9551E-01  9.9125E-01 -1.0935E-01 -7.3990E-02
 -5.3724E-01 -7.1669E-01  4.4822E-01 -4.2335E-01 -2.3186E-01 -8.7758E-01  7.3070E-01 -6.5973E-01 -1.7716E-01
 -7.7869E-01 -4.4587E-01  4.4262E-01 -4.0842E-01 -1.7650E-01 -8.9613E-01  4.7718E-01 -8.7780E-01 -4.4211E-02
 -8.1799E-01 -3.2025E-01  4.7850E-01 -4.8126E-01 -7.6186E-02 -8.7362E-01  3.1601E-01 -9.4438E-01 -9.1537E-02
 -7.4948E-01 -2.0250E-01  6.3131E-01 -6.4443E-01 -1.5255E-03 -7.6550E-01  1.5576E-01 -9.7937E-01 -1.2895E-01
  6.9614E-01 -1.7908E-01  6.9615E-01  7.1017E-01  2.1440E-02 -7.0462E-01  1.1111E-01  9.8367E-01  1.4172E-01
  8.2258E-01 -3.3184E-01  4.6253E-01  4.5009E-01 -1.1862E-01 -8.8545E-01  3.4842E-01  9.3598E-01  5.1495E-02
  7.8464E-01 -4.9537E-01  3.7341E-01  3.4610E-01 -1.5022E-01 -9.2635E-01  5.1471E-01  8.5578E-01  5.3340E-02
  5.3452E-01 -6.5695E-01  5.3438E-01  4.5945E-01 -3.0617E-01 -8.3549E-01  7.1054E-01  6.9063E-01  1.3671E-01
  3.6460E-01 -6.9404E-01  6.2225E-01  2.8567E-01 -5.5292E-01 -7.8391E-01  8.8654E-01  4.6290E-01 -3.9540E-03
 -1.8423E-01 -5.4662E-01  8.1702E-01  2.3638E-02 -8.3347E-01 -5.5229E-01  9.8260E-01 -8.2411E-02  1.6650E-01
 -7.5090E-01 -5.3733E-01  3.8488E-01 -2.9388E-01 -2.5045E-01 -9.2280E-01  5.9183E-01 -8.0559E-01  3.0440E-02
 -7.8986E-01 -4.4548E-01  4.2240E-01 -3.6921E-01 -2.0533E-01 -9.0677E-01  4.9031E-01 -8.7164E-01 -1.9809E-03
 -8.3262E-01 -2.3042E-01  5.0466E-01 -4.8031E-01 -1.5626E-01 -8.6365E-01  2.7753E-01 -9.6058E-01  1.9750E-02
 -6.6447E-01 -8.4425E-02  7.4347E-01 -7.1781E-01 -2.0892E-01 -6.6521E-01  2.1122E-01 -9.7432E-01  7.8382E-02
  6.2435E-01 -2.2200E-01  7.4979E-01  7.7924E-01  9.6605E-02 -6.2027E-01  6.5191E-02  9.7031E-01  2.3292E-01
  7.1025E-01 -3.0869E-01  6.3395E-01  6.7204E-01  2.3768E-02 -7.4125E-01  2.1338E-01  9.5111E-01  2.2357E-01
  7.4305E-01 -5.2787E-01  4.1263E-01  5.2150E-01  6.8700E-02 -8.5107E-01  4.2048E-01  8.4689E-01  3.2571E-01
  7.0772E-01 -6.2824E-01  3.2434E-01  4.3336E-01  2.2758E-02 -9.0134E-01  5.5847E-01  7.7805E-01  2.8790E-01
 -3.0243E-01 -5.2220E-01  7.9762E-01  1.3725E-01 -8.5197E-01 -5.0572E-01  9.4324E-01 -4.3512E-02  3.2938E-01
 -3.2018E-01 -6.0667E-01  7.2828E-01  7.9534E-04 -7.6893E-01 -6.4011E-01  9.4738E-01 -2.0420E-01  2.4676E-01
